name | code | type | value | size
___________________________
1|283|277|1|-1
___________________________
3|283|277|3|-1
___________________________
+7|283|278|7|-1
___________________________
2.000000|283|280|2.000000|-1
___________________________
2|283|277|2|-1
___________________________
-5.500000|283|280|-5.500000|-1
___________________________
10|283|277|10|-1
___________________________
0|283|277|0|-1
___________________________
4|283|277|4|-1
___________________________
5|283|277|5|-1
___________________________
9|283|277|9|-1
___________________________
3.400000|283|279|3.400000|-1
___________________________
6|283|277|6|-1
___________________________
8|283|277|8|-1
___________________________
7|283|277|7|-1
___________________________
